1000
-28892375335868411436909	-3548840768243518366079503
9711003429282869334051991	-2354707923201571794333970
-7567038879846106166821220	3951836345759439448892343
-4502376935684717322644871	2704574171660740642690322
-4598267468537403330604223	7039707233093684716162276
9071703366750978851648459	261910563926415877149603
-505390165488660863351016	-7388978702024853217447276
3506120024510056138903982	-4853695363024505789421411
4519160848149287830342991	-1242787263379197569058805
-4805911497983303238380829	3462433438274951442624448
-6113936278039740266931686	-738481445472273354891163
7408205474923509437621977	-3032080510963864905867884
2628159834112793818941256	-9933778709840681701600860
3907896191481748898519180	2956325975790069730217260
5145041412790824667157059	2339505619578072914168582
6385245034626881937934622	-9838553523979094774578294
5067561744319358408669725	-4509356463118328890337901
-593981553193959397516655	-8169809545957218173435949
1082674388019073926378544	3729329380756827916343429
7207671680292876936915254	3349946132797332811397737
3158329354211740798716985	-8852335107986203136847995
-3493042216571161905099464	9736786837379833363115773
-8793041563367045659715408	-8381372470376176351626175
9013834254062156378566239	-8923629530139312483337980
6963592186120527095928284	7320341131234513910904227
5489154955673044493236141	-8263915333172136680098303
-462665327938489135038043	-7812175062228502549839038
-7395094747756030220809352	-8774261923943112001846291
-251846402921588584607496	5754171874291255774208893
5239841473342179982436570	-3572684498400988340179322
-6744901742156841418108471	1644136692048078888764443
2994329918259238747696936	476766434511035679339198
9149074388549024629198910	-1959301506800617950526865
7605249726900104591075369	2283952383276619195173650
-2120118904193159820753556	7272872249162548318364406
8770263562118988922857981	-6639913552856908360237449
9346695146148426309691208	-9804209280946570603364081
-1854931952649779618566929	-7754158818279035040665019
5129288157253364888566223	-5554549466716091388193826
3562318352588489231713343	6549281932431810186153264
-4837345880643552019208890	758524048504172510388846
6963521220829023891527389	-8675307482694878911043582
5021468928558301282212876	2637382992443902990925974
-3196564672443173958668407	-9168758379827262167966108
9653210395125801646238084	479447979335050551718923
3773320261042867108377643	6616825496759938184321721
7230437940218702090973386	6626595777724557057532663
-7457732878538572655316759	-4413306772467176911282182
-7228061045168583459949655	-310128795756130920790181
8740886756957571898408465	-5662747155598089915081115
-6447235569904180860856437	-2377938929211495233685627
9366729583000748574664270	5013131016170984873856543
-7841649175216568312471337	-733749670345918538156302
913082977151021828026901	-1292391477736318980536681
821651931253225313905817	-893334369742709411377105
-5719792754539758747992886	-7154675231942339159403190
-4309871426113905309043195	2767192262703129264949455
9060281193115632769682394	-3039058925604611202861384
-1046120142729018433460404	-9388029956724102777363294
1776242480435250236306575	8161353361373651800131471
-5329358166749820917235580	1385253363921352645014069
8031756543737766010869303	1024334660016431310933150
-12698523845701432089178	6357951294227823951168490
-8918030675270239157616438	-8504518981036848482702613
8109819539429871398604619	1286563224837727472025210
2893760565230195912809806	9800638369050700974567583
-9070603667025126856815130	2907741903807545718449362
-4621506612672960619182320	-734593440676474636932329
-6174003437627966191900045	-4344246612178306760495846
9576783325022792345735375	-3875116485195193991806363
-7922308805289460937803575	-8173894254403624070319897
-6568156226711317048846379	6856752262857126864831164
-8340592038638048685286991	-6998422976621538295581902
-2099764577821985591032709	7875946196925298782582851
7804511143099039027222299	3690797246566917893755517
6437327631280632527839777	3303165294665567002223416
-4991418938971951423605511	-3168627895280368716644854
-4350122796473483047938527	4445082142895939126009561
5159354172964085305382153	-8364421279693011367832882
5862485086480159236709458	-1058937158155817484404773
8222739807785124119919026	-589656910503505505047261
3038439662371675873140450	6666364707540288885090487
5250742269068302750614804	2407633341130396716220845
-6545317191102742042217166	9356881003428814774851439
-7532196725649181153547126	5727264353077472168034940
-2997056992221093960206485	3822058920372896955123084
-4857985243541036323731991	-2336274207186783421267545
-1184355804694749680049617	5332679693461384460733623
5106511466502884385832071	7869508815437528784663627
8367450852647085645965269	-6966281473132125531247224
-3995352430536881784155829	-6050512673419612281464637
209011840175180025738174	-7947668532696653524442134
9952547385009208099413853	9171684777618201424506097
3518092280737702474916051	-5148974214874463209814618
6551564324505208852673057	-4985899204633473968549892
-5627705618858613711172053	-3755676837864614721715726
112512568720868943521903	-1689492841885595773257643
-6515166583408586187042891	9302536598827679047995873
7271621783909113207551630	6532844193047829276940686
6832985202908825004616332	3533422929892382272003067
-3555346330969664217340732	-9813724398853733408853381
-5562994815213005798114419	-6541289706618726444212928
-1356778678519772492411025	-8740290665373385404416841
3293651595016924526617944	2683991727782933193399007
7361703175249635317737985	-9658504222043625767843951
-1375275929634456218449702	2540640809889140967793582
5287129513048614213937874	-1840509468037474728535164
1806835644994142358696313	-7793838375244304413396594
-8690736995933767120554209	-9450658516580113839943452
-2682844632822904311775231	3686587885574571904158808
-7420638875862004869680422	614627924408302096897391
2685725503302257599923968	4695971666019916432692037
3403056526392935841414717	8290897810004554778904851
-3119258776871676950592141	-6837387320018371410143186
2310615270681788565289113	-2201520669978281304139317
4056717210607510462582514	9481121078291289092456071
2726953505733979945562277	3926950455439557552344740
-9999741537882689573754169	2757058382777350373306891
-8270576690783967733077647	8892300624101734058868760
2919478251549349640781474	5313354062126343455196395
8146282944286427847409522	-9942595937852917708326248
9859395200421527305657889	-1685005896843140980378536
-6742740665582148156082265	5244281667279563376813378
9936055667552945325431959	8929488626228760697445140
9349238316118176744186552	5374305861330921573960783
-2559279276332126904642528	-3668080169944275884857509
-4223703884832408981933955	7023790049860213880269630
8169228727577378628277816	889744390082715944162504
4915985046313344251699319	271220535954371019249440
2921092620128280042971300	3751108641667290549058358
-4636615258415635924715175	-5836109488824200063563969
378947909410413851957113	5912008077662908877833111
9162710688110177698724388	-7701403015445173416776439
-6495572780199233203578505	1065420754901677021371711
5843639109633816780489518	-9677362450678326661466819
3964227596718238593419566	-4752603083637762958991626
-8664709183992850148499808	1564226272562870294707283
-4550309403382335628719024	-9993199213876376027138809
-2159465859543952791350779	-8417352037343105085708874
7982637525336082990018874	-1321068891708489271838974
-1859866651783702209645831	-9333161925370944977920184
1875285897535068875049189	8170788483101029024428165
9582369363959306175532457	9690851374422503644260249
5725324109094081427320265	-458435587678680106152692
8077609007152420020464325	-3054984079690953100835912
7203121207500947291795789	8920125730615562562314950
-6857545230262426970294064	6117146207739773485044805
-9301373230652099637856637	-9126147721329280207878669
-3489022070793309259332735	6327871021927550743949456
7220363250084717367693622	7342387220907854475897570
-3371946526285204467772750	-8773840086547933009588068
-6670753880339940750933825	3502054647167428393598362
-4062855433117219211088392	-5752287904699796146878976
-2703938935768673660296036	5148975789947623007278534
-5840444004175008086777105	7385898013785623235197019
-7106421856187961096934925	2211198897810297440220940
645967683502430356389977	-12003648269158669634566
5947438011326382923886943	9790190198264328139558449
-5064663091545650908074043	-2888762882647624126561434
-4696960493569587394326695	8566783466012721744938503
-1644533992433225580639327	-8480064729746034748467253
9040758912660594161270980	-4306318211629169792260471
-3913888382415531664104664	-9763922435098603580489165
-807129032724742369535483	-5471147362817458200249486
-6995183422413081339586987	-3928084243845401324158471
-6161534205695922157061660	-2221056386469318176183736
7975724392900754807571369	-8131186857394800302850242
2292534977317429678123973	-8157531784643968912579186
3929683133568612692385338	6105258608629816369870773
5713177454642258093732764	8313383528025147434066133
-254746438465847175866231	4806049774828717418942820
2250598979044883379015560	6168745636109678298039685
-5226139774780973396313161	-1869780233817938268253148
1563116984421985477826438	1541212622280318844080415
1641729206639156206908560	847181497601746714738131
-427271823201821193720912	9045488154745556805091512
6150416253344905290762349	8784609414299780991559919
-3681370154888368048985569	9155923415164111214611523
6903181029160487758517600	-964844512182461033523853
9670898007201111799797512	-3194467714672696566183419
-6830847967835876719237763	6158695403136553241232274
-606861314615457426517486	4034415138670899598927276
2208188241191984316967658	-2328189951508144937423279
-6161578387314659741474209	-9569918843318295217428187
-597195044851443357367919	3254812572727387026917051
6882156911217540493523143	-4800621137614527618985682
7076470423153813153404978	1904348144279100305086945
581044697470830639729362	-6102000457996212694968900
8890879648458113594378334	5854224744578464141287226
5883072116454471099507226	-9841443197622057905677369
8158428616533868326032144	-8131047382368777122894154
-2070368157408114567918848	-1940278554761893083953657
6879582035828290924137817	3592858429438701893381621
-9790718624195837857634010	8508205562781383442736901
3012901806089663827698458	6976487191324006078281921
8326178156991140648542915	863254141603199700174659
8893130443667469640153132	-1448992144103881581167929
-3411589658041270968794394	-7801635586106847225412442
-2323447247360751331927769	3612715413143434523221847
3576391323274210160902737	-6792548397908789976745902
-3858964848524662424938477	2038699852092302500822351
-4375316538168376286134767	6255382501183158229612329
-8000480123014352200170810	6243903102551306278991481
2242752208393206089425392	3968927285613602401562675
-3969189627687079870879799	5094467604135637195896813
1561979121037392161905204	-6821454959406955561017195
106821130676611494034812	6704146565889992883871137
3738064739121541965378316	-806133611602570976733323
1785613589277352008321902	3920289317853927471391970
7756619635252168803972317	-9348794706164306088791538
-5529065689456992112684669	-3761869470330039946653461
4969396195505147312069437	4014489566549296202901535
-5688633297753624282843772	6508482743231793992556986
5316263237165648736338743	9879471807557064272350727
-8171736934345856785041122	3700841487750328498907681
-9615111280369714835992007	-4623375004774446317938375
-4666180538394833316951228	9508796923450108518713317
86104806991806256050503	6588547158062858927919908
-7793374797285359650724503	4588307828109326805260648
-3402093780698248743174453	-8827562311375586693006192
8934878357651922510667256	6521568918777095170714455
766867129119411308606829	3838894588848847344033046
-3575403163037266067727870	4064611202213999527476843
5374579149120801833185705	-101663516086136702501483
-214613431008027866542236	1508881868254496451808875
-985136674052725644020060	510197831078420885597592
-9040952102786566542150653	9413384822801855597954343
4979523296982624389565261	-3034559187149707404420469
-5810155262917639272812853	-9789703676600834866584259
-511745972669445563166866	-3955953065576614716673531
-8136154713070925925871657	-6707082023406613118014464
-4331318814720551691059381	6055307643631760224452845
7578041471536607737906672	-3562492415408892476410773
-7352946562990687203985491	9864747958154028082614337
298144984420711156470372	8744136691247297965879196
2338805308504920268691013	3152372351332656013318676
4709424816508827905002402	3729492324737053325007870
8851465498273382500421426	-3968480056844268933072484
1139818788718016234045640	6889478519278990019859539
-3117399946504260675388869	7047102979466463721189039
6422855577706719589281121	3448451955531485837244328
7467293076838329149466783	9018558164076592176508871
7609591072794937256133341	-1910850810425377175985794
1856064884118539724884104	-5426700475120550540290089
-6504444714010307332940498	-5571039626238534216551132
-1412770653203906219891988	-4387770885167654661262495
8256648462647975947610714	-4738110272256444242501903
-8730612922526062130421627	1289701498800343726929708
2567090448739787812561820	-2416582691042200738521495
6765704221076795642071458	2016667571312000330911068
6182118672612174539706942	-3123209094680455504373160
-5913712322615218071039049	-9501813303099386691845714
-3033312157322743337669195	450766511336633112253762
-1452385612045899493891232	-4714208593934223785092356
9978341668176835226871955	2206881869113652777868690
-5030605108043370689441149	6766290189178819561242841
7238979242832820743137295	8439443240782741167061984
831073736240926505755893	-5336081751972772336320018
-8647109480475884569078016	-6063761558129720567027631
5523947132766153216145473	153693929095787940813470
767679847966356361945555	516172063852264616938502
-6627187876221786357603727	-1341007289245895720328762
-3150348074160401648416936	-2618675177900750715224510
-4606380631959723063129453	9291725840521734550260886
-1181550966940843780168734	3514978469800892337959876
8176416162663176099979485	9203708880478474460192945
-6294416873389274190056375	-2902119041190487783107307
7832505555298681566640538	-3687091060299905377207675
8893764523467967873990034	4690119518136496166515184
2104535999758751718286422	7195512940668463013992077
6594577220485917863342264	-9729088953896105824718584
-5806202386311561298940051	-747878211757423978176744
-6889246825776472161439246	4788558836057441009133170
6268640317866894088618913	767541388315797072051874
-2364748432819818593827741	-397343847345105711294697
1081623765663414071650701	6737239961255389515907010
9565633168294035592591102	8594392199722898840116168
1853024522500694506890995	6890402270390746054802143
-3674510862432284373939769	7819382922030089628046850
3332029320542531253995182	-5950010946905671599388052
-5714574684983752876800312	8601346656012815093643168
-6678139330595904372533207	8844756924425196198207478
-597741967550161401446724	1871449633241169306629597
6327518006862003059865230	547595425384751997765198
-7115136721595117444423084	2191473611687117070518278
-1150011813397866410976177	-4992115832355118524036411
6357736960852594649220210	8019173984871380546978535
-684319179969018434393069	-9556501340431114130699854
3059862281466765621251836	-5343609048795950521429001
5207480676550669767211861	6261868228613313437215943
9929971938170277949155086	5363712062919228562612718
5015118358675813495012329	7815997779720146272116911
4063332503366903864384440	3651090414711530780304313
8663083012135836911567527	7207024440057700341108491
6508217955206616890762770	9835268759753968072095438
7839990199921364022942433	232182813152224639981258
5761928798594015743850356	-1825098389292383414555934
-786213514359281445301890	-3160136280860886340765424
3599841630794946381646487	-6520904614229457788279101
7906472756706209450933034	4196081594185129611870579
8984240372493591395399034	-9739404372964751234000649
1291409421828872937985668	-2167675321080307715778302
4202490202973589665070002	-7667364110977896193355929
-2843261101481969566841376	-220163497864095913768085
-5174587015660990805615446	6532479219529322906415918
-1621909784452739922230534	-7732669169233569248267254
-380172178442485949989877	8351336364395308002178068
-9671173770269703654720633	4326650199913416680112157
4239392180833807571977083	3404982884473477532421515
-1591312130630977523849588	6892326374011646269080217
-5972693397102519062386543	-5947996750008056568052758
-4049884926516030816049702	6050438493362984800918428
1004649003391288771552886	5602422369612147070435883
-4114898569365733676881391	-3876157364504625475208684
-7867925744557054492756198	-1245522869254358217433645
5851874605593551184268303	-545852179244320327547691
-9294170130474546320009330	-1130937915349397345036881
-87446744882075330965772	7635888312593220932566958
4222095727930801541423863	-5019702305816925362274320
-8068600668314733286888491	-3555107413783723046597172
-5788061937863040426529548	3943299792995859050360889
3805250352428421329159614	266019809289122157083697
9691441006199122326918243	-7440748006348467210892642
-5263810741308852182814856	-3835327450132773037165377
5497803529470794509880525	9159373211203212775738552
-3416337893368477653617611	-8077046991270736121498969
-5534759395466045807262538	-6753470489471950127720527
2828733891029996714938397	3978676709246151715880808
-1165259064922069998643679	-3679793051074795297781348
7896966916837689030583146	2755670722358249735549049
4305703786931746978308891	5695802712304494377949339
578789916632337033706387	-8543880572980793222423694
-7745674957533245274787132	-1441185357361902108475942
-2669645092875629091706031	-6181183426203831107118779
130078922173289744324139	-466513977437260129181581
1011056204160076784438513	9052346042440987618156306
-9074929350819935351355247	3045602436772562219116198
-2004900669508172274145860	212961062515491270321101
-2198399128396357310146500	1186829621956475823517146
2577312660131584153557145	3739844551919869593517111
2451260446466411810493406	-5539993775255898759608411
8077305480430536027729605	-4060902269426422440546443
2164883136614925899349640	-9070538482039315212613476
-1840436314194551151235643	3165300132600341404043187
-7311304786267546077497289	-2312514313159466802488456
1604169596740486954497339	9297000561553561349768430
3626390114525069616192686	628309279535170242576400
-5484217629575507848961818	-1946242726838263167727450
-1954250287486214624016828	-3816905021155688005295804
7527970066897908982165455	8609904677447191183924232
-8958724226845474770564838	7501010671549603010402746
-2072015412547476860479552	-7239035055859039249785700
-3377071930776051290781017	-619041312514199440711031
1067695411187281691589020	-8712093079989966445196316
-3746121244561934888655843	-2237291910480953898009716
2609336691326256934105012	-4676651177526147561821765
-5768319312901884675552541	2030468871982653400588127
3036453134428728791946961	1888187079988093614051605
4427196657005962607516676	-459167443960256926399858
812424592389992820607809	-9473019086068491223872356
-3833640654096544918128696	8409581980003928971153921
-4511523943270728675874486	201461360413825935355695
1444335565222263268351030	-4336238280578495983465131
7054175486607599753066594	-7214171505434271547780561
8584514874739029803053673	-5752159977339126538006387
-1984979709678754336657759	441032935793375183340618
-4935327924425704943732759	-6280372654203306458812614
-4054787698395589491332225	5145720491358132925716237
-4514061791869356849753654	4974839823672222905955245
-8516162405338475773528072	5831477170065676940298875
4834151915514549733011216	-1639635366233342084277604
3723217696247731959340281	-4814629167318131725336824
3797551932444953445530225	5804404327069140456723185
7464075405704005973903626	-1462786139230881100813693
7999094665781557463963638	6672825553833917785159319
1929944746722948672036366	-7179041454663092782953395
-326476365792733673802388	-903070247028017240260841
6459709292071987599245083	8115622357762350881753499
-8725512508433293478762574	-1748862361063005241820397
9372143494983267255450951	4570821367488195552611313
-4716148147968802749345681	4164999811589793940663389
-3526582207238665609046853	6037203678703255873440524
8987054636097216065823679	-7020068004171280744859156
8398773001892979978216	7868282650100298719213594
7232786264269065305460630	-307928996256219501887966
-3458034901118831526025728	-7244569859114251293756351
-493729786209398628382053	-6896223601274575821716767
7709193611210540149160278	3215686753359173767910750
4904482053554032299819676	3469834379574364958273249
-1090644330003113462483581	1581205627407284047585222
1462707290203865779923287	-4863105863238839118562255
7768681588325201508622325	-5505513352229122472798595
-902940030949066445362500	3147216182158829638102398
3708681804945128666805282	953258132936811469260373
5597783334221743169151565	7968243154482490975385361
-7177867565663776206042797	-5353370464497281713694955
-9499180900115627793914989	7271494549984911463213704
-1505163882810332174383303	-2539104626362801950040060
4538368308951543175622338	4627700499642005182314209
-444162014351547342160542	9946120421383734058825971
-8336330601959086070963792	8854441981496106069235547
7484655254523419446526173	-3353921775950557644648041
534726718383590208366320	-3249927280804748786008524
5370805981983933501671990	-9506764836093147191395350
-6119377074900311110811606	-999700722131059885862367
4174536444439673654065625	-7085483133486801824321830
8387428927530961490210623	-3960080303906718133298642
7972588141987316585566806	2040446140360706596433053
-1135671659687269457989242	-4256532642396759141690185
-1853606251329656203074633	2741990966806953137642563
-3057169937676128913912887	-4894940370947841844472773
2670985380175667112318522	-9891755401165102542857905
6929188321295357959517894	-4511715935884135186333418
-9285977072823371508609783	-77665527917298327509824
7252227138663391415841601	2003819183486432181503536
578322051610580225241014	3774482076641235748462069
-3837927073324790458633550	6536594310557057146938726
-9222771783140625177445806	3248751831772797040951437
166567089250934684244092	-2012453051670372800920821
-6004185249635538513529718	-3485202766277799976306833
-597711635338340373826862	9367046106546608678708858
-6134336366305443679405868	-7520676018636325822290647
5445637043241701802052030	924350593791982212524910
-2396096398788638301432169	-2117307709070775001501993
6198215362959089415849211	-7110424838150898130932991
-7944394782808078527189499	1067338812399216371161139
8522767546925980803214545	-8915481692573767595656123
-4353441132583679576986378	6952125309202149702882384
-7371751255525545161108684	-4161296201314598994075400
-7226811065814387019691426	5837567852747625672080016
-6878328056376294518415499	7769974613526797811968876
3175881906117010089299237	-7488376375887829996783783
9974974142234310309272491	685741124444145737287011
-1744132499935745585046555	8815885125775810137468777
6996323061132493764024179	-1174823853094980479371899
9277486716619075810596777	-5997703467942598841177592
3798278003223250343080939	-2896767572527597123098909
2236532147550607957031194	1807451738838044482665351
-9838979499456038131994345	1043266283431939453757056
7123590494322702213203386	-8440356497789986898186947
3459282096048109320222519	5755844541153331719559325
-117610708157815277757185	423578373276102361260214
-3502581847649855094069544	-8230586353327283458326629
5062379755368008882661384	-9322130648062535851628707
6686666595133869435234731	6294833636376843109583741
3286228971364837704711461	-6010022169547380201561996
7266396758593810744834516	-958046962622114829612018
878913070889104929798749	3476155897424268743324512
-3246709803833906171816148	-1199557422370204543316329
1200916356368162592897477	807371573747401880282110
2999856534341646840447883	-9466843744190772545272810
6694011712880842399483341	2339759732786176959335761
3245778589270671399819601	-9843876730216566668656759
77171747629252338655397	-462270944959375613492633
5400543110643576940025341	1001620702376343831823903
-1714671339451522732157879	8721777849352979298360261
-6256299276483331180719770	1183347971260956008940574
-8065871158162764196726390	-8396198269831482020372437
-9748376796694769352388338	-3708115244782726354544979
5334011487370515373816291	7794050327760763538319477
3764566865464291240105479	8414716069979625421942902
1867594147082424535888979	8559554041607888431653720
-7027993036954689219516892	-5481808627964063488931642
-4612134258802727916050518	2530598134578844084449341
6115606051403876856271379	2447864659592184627810646
-6475348957019172456390383	-742865237224449444186115
116589080563902258380837	2521786428388288655790238
-9542360541863625967929988	-9095054951138096803352239
-3261345410323406092259420	276751977214648051522883
7024244853866344976348565	4713339242924530458937992
-6436257025104265309812737	-3057382128249183355038017
5259263302250931984619764	4619123533020567040642394
-6331863383613587554558465	4884349453621838045352843
6575245173831178321644665	3834598669493957516405526
-130281686422865474327670	-233590986551098251244073
-6409573620448107165547955	-1103407284492864689148511
-2441284533515821691811577	-7869635504250714790396046
-9222276626959025625029238	8708932646241144737081466
-8130482692242254728727617	-7839870203202490733932494
7572909952431449842084953	-5000331611766251518880485
-7986753489344452344807108	4880312118862946209511868
19340167616691534731392	9915273367049898875234385
-5070373597523760758539834	-1030296960104033228577957
-74967551840143718840212	8127635840412391376571787
4468746620301736858915010	-7199583820771005446913132
-5505520735877238694815378	6582832209447845187482622
7643199702718110818411123	-5918260625859732123741217
-553877480658156182248076	-5699314909088705473787749
5119810212754114957495026	212302588078709192977007
-7732852613899690703915081	4498962757137281202022875
-5590890633162101856456495	9125656243055447582195583
4939381687187816707324327	7079853288468984738064033
-8930703737273531191004079	1472002858919902902718422
8509965862975325326967975	-3268824791456603524744707
5617282905491465996199425	-1105357089700897457768901
-1116000663546847276911341	9570963733812626542270791
6305243497418967464784377	-7359324230244446823865945
-8881974498916865504459237	8133727211830861185680831
3178757921055726068187856	-3743407785181671240708858
4443225565109572823447613	-8681727687788071699404685
671576379727960131728285	529717013805918199598150
8439073006511985217361112	-6412388232868796254621628
-3159081142286682452597495	-7990069027895842114160963
5567746243620753830186658	-4621725155602415300355617
-9932878905849875436206372	-9197382217976075210778085
89882375985352882986707	765621816673463878477407
4790904210148387825805555	3465052780456807180724015
1304395157752997550106285	6241802569981537712631329
1546929879600669001357883	2291859526861238960319429
-3145636651180110809653867	-9496813238715859949344468
4941909667132149303685316	-1835916011541559805830837
-2123947991892027411335718	5779067591128386588958909
4556684698698821042851752	6034780224570203483220714
-975432474866835238576200	-3050203600053870659563022
-3736592953203490251275164	-511062124510929564834153
-1641947524830670261037892	-8021733654429384250803537
-529607042088326903200788	-7382072041263578100082711
5258075975371243524260853	3301045305974387496475858
-1188188963797713508573147	7081778326697833306684001
-5572999481636564399009060	-9995485823907039393932035
-9811218760567895516960091	2723429373767614592347775
-7434205983871834733113167	-7577840604907751648149288
5647172490786893720759567	35110732428278563802607
-3039287494769282795129761	1135976738170317776114981
4564358708315442720851834	-9068693421183388226026392
-2762975064009524000143959	-3626022585767506512549517
9147357504438658229628479	585699599325415116589049
2307099709764376580650822	7792148125974890690222755
-7666095311176211299061754	-83947230475183426732019
9324458142377611690530846	2838774401028521874952212
-5330656866629258652284143	-8976437957217112999252649
4532810335516159297699049	2916164399371423006115672
2223183988896412402946320	9010173307464462170278691
2778962771170571850297734	363918654243568477916103
-8445432489673202209771054	-2902206453651201294460080
2795139041335967456665872	3831665885171030125285349
6558921668931046801110120	-4129107871633888541154271
-9245634533825174204890626	-4933647543663170934903733
-5664493094390675051079934	-9328187366988668040673521
-8767184016867745281007685	3230377275883261223768276
-2475405576392572581831426	4224429972257390299596485
669009229674579103864619	1117056685335484986001948
-2355392451561643260623146	3839327902435587658044607
3589622119605843504445215	-4702604567496655853783348
-4395300261022025595782448	1409234620167342459668621
-347669848157075850322631	195980297951152434722278
3311852119803596138137036	-2604257314590117927502758
5377758702445831096538720	-5723380729922576786594694
2773775346834527813876619	5053795574748718377347620
9391223429634056445423737	7941248262913086258879241
5935457703955587995074568	9686296444489725018825087
5648034462926276551522912	4369412973676455829941944
-8133837502533239379082893	5085329765017110440477648
-2501725631832749077276349	2454104558868658191453781
-62772241032308452056016	-9544500247711160052129910
7566894304386070020609996	-2496597027791724128806084
6438540003236326981949373	-7173333267331207551128633
9771702307388694083915719	-8399939648086203428656080
-7321617875493773368811360	-5567025747994529004685605
2544357454217696969460444	-9472646078695812512534661
-8220684499767454100857312	-2955813601443084793145974
6867186406783698217073133	921154894492120859983901
-406322112055954229296748	2300805960710990264446473
-9481912338154516106078616	8605105974051590932003170
-62557832858232802153485	-381866362316779463190006
8613800928828661963141256	6055492273987524526613446
511453491619154926135121	-9937346032249606582314538
-1916494480441091953388761	-3199399391196214308186418
-3972738442906770648159662	-6693563098129935693373751
-3533662354767613843625748	2677895297058653138837736
-8573929819096252241861080	3803628030034776624085191
4729293051547980395623458	1298812141675361298017441
-5363333647012792404918789	-5941608689371112072814776
-5947815536956630358453938	7273525936962605967985040
6946466798443251120204797	-2453423131965310927059522
-7887966395059275047682127	2546328423557127514822183
-3075755778086895556625809	-5667264401823399542259024
-2302147407599344918252272	-4601377978679002967673143
-392261747482896997838998	-3321890210489591384484880
-3808103566798231843277556	780933775603502418295606
-5188572995344415629335543	-7547665226201367164035867
-6348873167739919680169859	-5886239786130226827473389
-1603598379735629625217357	1131223685010623898169271
9733297782871914268759269	-1856536340228057838242420
-2119012487646834888617525	3328909601242181971961407
7790736061597475946153575	6167659387582472986649360
-3560933812232855601499877	-2289607875398238093548490
-6928719349278197983164886	3267619144606251435917557
-1238745605901593211453181	-8501419981858129823606752
-6053912607114739258233333	-3815853160686673295102547
320500907060538106575748	1694303129622519916179640
-5689164885391248926816761	8654538270132697680295531
-5495556732855677866659439	738298739416165489608616
6817927917116595232182201	2173120179794935273223889
-5604964206019988401720176	5005397513245805350587612
-8065154405645977277002417	-2214580081927556736824122
5868807828792573425977690	9491296486577344749091983
2803812528774806118089917	6979406339750411350743541
-871726506341075454312431	-3086448937315302758724767
-6840849599306996051084768	4892651503050073275650832
915836591688284595105688	-8730401273477601193755093
-2969890246985289097751214	-9125463648846542927778633
5528057844216465976666264	6546606322218702789083115
-5359082805206531194757449	-3155690879930754241529324
-5350398678025436433159475	-1708572365721394178252876
5067199232030946365119180	191770809617960082803349
701226949689614850966975	-8785222361341611078347963
1356484097735817524062265	4917429139114094233313872
-7733676025258452914666951	-5568604470672576307524124
4005769673933141888862967	-8319016600576106086949146
-3648219284032072617563970	-6345152432035313309582517
-4133818842716696715214658	9161358978662635187101623
5634404842046469818376208	-1598644291245484788466558
-5416226047894278964400000	-1120410626894354830970675
-2904905841135563966686849	2609375552003137563052861
9025415144400524307061085	-9271715324149961377977139
7716505845520026370104292	-4431508783024363440266414
9682163469933339604038205	-1509897546918143245143216
-3398688060522383866360661	7666916233323384577688885
-7669473089367178985606308	6953193226113995873153338
7372315329890875155252891	2644344884395542647993594
7861941664696461943518419	3260458013729353308448404
-3287489445989512117660168	9920100244649994819049716
-1315218271295726133642521	-7193429482427626276470329
7566650277418444292359831	-28740314191349473010654
3778423900038544859387070	-8622358049348886553898927
293405884767543102852098	5908118245763263296308733
1159646513699571963214865	3610108487081970275203383
-1159647730265349181186842	-4189902746753301931883789
5348660398018276190353312	6191244118047912311625603
-639942979118633375326073	-3963995654009883700785903
2600754986152072837328047	5890628880496780002312055
8879127320724288554228371	5070341977191122015838872
-1712287550470464533734494	6095546037283177059366678
5480129459348315307088652	-2592305257038998297233497
-697649279514891830917553	-8691013530242388839892569
-1606051332425887758830782	-3758337905666450881457508
7519511255179226941118966	-7712975104926635496457392
-1738177921439697360027824	1486499167199166398275851
-6204276892075802690168240	3821539391511074625454211
-3730324169722930983375636	6150187156758301688864067
-9296025919888897697157742	6120796967416973246526146
3418570045212409592881208	-4259572877902870464023452
-8758208865778743562890726	119163309597159671684693
8040416326796167067379929	3686032252564474609568916
-3183180394240262369627745	5295873827049956084467123
3468277444679044757831964	7076836177298667091625193
-781660153908925329703213	-2057558093701502008021338
-9378162283518952689015537	1674045424919102757498910
-591842362173714979290110	6625375015887532140437392
-5808991748776125492637535	-7425324418167524792190916
3995845169013398029526537	817994533683459758602191
6020748927124910668442664	1227121614211466334509838
-3623446195119883863671125	9706460689541877691133738
4660700941333318859712904	-1465525637126639132857177
-9485090342083841309347833	8576733966713787990025300
-3598880479872712663787729	-2769117053770965207797394
5827455105201367265339759	-5047977823391406828001479
-707861247088427281509573	5204766594435460012378092
-1875196666744334216856998	4551246969078486243595789
-8931997305271355484235882	6186624906828162711532508
-3082139443162604357090478	-9291364006007917079575227
1579073214328161356434077	-3839416903880037146766624
-5583090896052211534280740	659614522164538722662989
-5876730138457932950291982	-1692117226218320706157057
3104865875473622685280610	-3818519978069039908280213
9833022695365250750906216	-6145288212971626854415548
-508793178382898136008776	8439280601979204127172835
-4665784761786652640437513	-7311436286672228475595414
-4982641643651484063005011	-1368539587651909841554280
7201346034296479187141422	2993367552026009915076513
-5692380298658987638161200	-8380553791307261926932438
-6710796315233444426299664	-9213083450243621446642973
-8584925555601635896484494	8862931082584401525554392
-4503036531348029170594444	19566727864895520043424
223073217113950438000818	2850833177187864524995073
-311990824868738506596610	1725966572521832625363478
7331637130951943241049295	-3849836941835729366681275
-541531359398059286282767	2523589122987472557745667
7448589936474883379247668	6537571965098358469658502
-1906899398917440478401242	-4101887049352185738735612
4933025997017429917722525	-2232943349643139626543713
1353993290030815546734842	-395530677663048431074496
9770404756703688101948809	2608583519018840868494474
-1051792379952843848199370	-9332503036324291453862531
1812898165996377959182838	-2208920582521192702012185
-4830567612683268967739435	747167428717124401213457
-7916787314000775670140400	768054387967300631317563
7181276961653961596933059	2299585804057572330948009
-7349369824968860152051032	-6421583903542352484110619
-9378331429255638231251662	6327240170382333103496691
-7754315126005955835196656	6124844694603899222332394
197991053714887996301114	-5977484183637097064354491
-3429554415604602541310736	1244832616604443567115815
-6844959189747758156426115	3248397326982990604064839
-7598880898773501032849445	-9947726737537409813147044
-3672145848948912615127645	-7903528929166090387581438
5035187826148766966747942	-322688536582687936056406
-941169329286291651132144	6369910242893064716269201
7199523047338367573971612	-4294786932590913331828494
3206344439924412715068316	3755190954646023687313427
7774226650968128302734833	-9128162539252167315929547
6306886248218831102474270	-4525921237586349249798267
4942960832354694015961881	6898092635406793846960828
9070942156714890556969823	808965116900789249390689
-7522089528797952072068772	5907204160066731232156508
4079427803104960935853440	3975207075233547434047592
-431978007575683300436167	-2283246696357052466397535
-3096893216975542955046613	-9263655453413733354383911
-1094284942714271522767433	-3812290209469953232241548
-852401162650071481431119	-676871111242498896075766
-7978693121240811311297676	7044720030300330623157688
8101292648507248868980877	-1260497849412465752707792
538900063150401196164306	-3755353933632799767523981
-2443460407334716704167200	9057936503889448168043805
-5508608455581017852110312	-7819533799137128218842048
-9937106935303017721569319	-6518186628439322045710509
-2730895457996630104615561	8421626983150826761374175
8592480756245015088240370	-1516108317897159568887957
905881436040593215234192	378348095083084643201938
-2455544054731882368825242	60016473191289375912590
-9971467290425191141892889	-6948443100869008576962192
302808442971956631704769	-704351743849319608278115
-6386036404941625217955856	4049237707663385351185750
6453080747009476128973310	-1279299735147536051842327
5536894712717066810961521	-9712020093432439099173882
4466342352793963133509837	-9380787499456148906562352
-3202605453869916549480099	-5573775205967030820975388
-4443261034813842565886133	-1401038480272398124346933
9574186613801646677175460	274269227073701923589632
4130062848581761646485889	1237860883672469475095769
9174079562457882347476861	-3986700438254537289984789
5703179134606295287548445	3301994453729024535505319
4715155441456284350853280	-2340932900134031954365903
-7846390658600987202730570	-293157483559308658150183
-6880746078960714301935683	2345374472055971487745230
-2766289616291268980092749	4695480548317838218141517
2956802558739645769812464	9985813243405944545611714
8373345285742795633127452	9445928339962329610695855
-2935830434863818900704713	8090306989638072993003664
-711957812613417743660448	8196614081889027341782966
3403027232197267656259936	4096922954001915726235559
-3461653084023632265416276	-304050598085770134966109
1360921545693697067081199	2145685462362607509776895
1279053966816852217198015	-7435121705738879584652158
-8852544483227149509607139	5874240239415904620607540
2320416891865967988816678	-9818384624447499023726758
8669986577602519155000947	246823916803488551840395
-3594952209402739340954512	5040046789053652080302396
-1386374110479199500983301	7116949143129590511466681
-6178954242284842588677346	3781875879050765219744011
7132100900240788677969023	-6920724094417410124181985
9792779438068673854050692	-7554995120014046220347385
9562955158019186186019900	-9516073902266227705916731
-4569210416079354126002609	8836015692466217491158801
755362019535932917297115	-1094951083089849978699742
5663643996638203027361192	-9987107363486787878834252
-7498754391214080327463562	1270347591098126081458933
2609251114650365516444665	-2377008224485285391717324
9032087369518953877853369	-8761195767442527015720954
-829931102898378175578308	-7943065138606004682215212
-3138795071236715627037341	4670979074728781587964998
-8196306365037506539870212	-9537835923881600754316206
-6529314172628957057281663	-2887699514274787270521672
1557654480838100278479748	-9569266564714488492434683
9763372087155381149991079	8990232964998483640970988
-4812573426887179702046798	-4101304761461715647880589
7325058901418155183246078	-8404063194150967583609866
622703509812809826252821	-4211582987110925114332110
-6966795927202711255641634	-5335820128337333354244720
5963284683484237425044122	4273147066083045674717943
1811210718426043855831144	-4194335849808409925019749
1188433385780599046230810	-4992241125572200392972711
-8410091049034536731208158	-5132038267263744043309604
-9950976547741124786734872	568943884709177399646926
2928523386348883961080853	-7517588706745259175286670
6969584454173695094771280	2436571433016336810863765
-1218907742111891754039701	-8560150958772857261929696
-1832278402130575111772675	205229039671140562932998
1053777031325416675255897	-5913840921961694403655419
-2756701289501838382494504	-1569230332118160794430451
-3442583415760421871065289	-96160302805051198091841
2616670083290654776224808	-3538009403539650132483985
-8592661271243187637182392	1231524210335261020156219
-3652478467557776081512787	9692854436837061806065732
4980307062088150339873526	6311989296953439763384097
8995713037626539545781086	-1786344037714526926344548
6961204868263973344406786	3042212135142914202881137
7270658442931420217042094	-1506000974240333997487785
-9705027176205838505266383	-5763284222464499679372868
691841650599418838217760	-8234597967397763860136328
-3246968959486696396055769	-8170332070897922750672773
-9531432164822600230905903	-8050510110417098103427436
-8789270846589340005571184	3304563510954004958226215
9132757224049980578724106	-3974211988593734028165836
2543262798928644584855152	-4703593199613578393563881
-8151234653838175352086627	-7960641904621715405423380
9656051620324201687287309	-4994462705181960636304984
-2166395107584847495087795	453402781492418953489561
-4159262417037049257304605	3441717808729960116599561
-7255585535781629658699665	-5216622445847013819179711
839767349433304671428605	4094478287565356907810769
431656507175246273909315	23185971304118909620381
-2535308155487554413829790	4669929459638726126027550
7025264300147318454968911	2390616077963102293047660
5927062063118518625982370	8200017462255890585593063
6966565399266526966641478	-8589608821313649732256728
3925207086099045557605875	-2568277576970847437145506
-3222253592259350929283361	-9387272496619295899019532
-7462974766938834310357520	-41193004875622854321174
-237146017535978191193592	5109980510402994651013779
-5166513643051660882368995	-1183185540273049763250100
-642411455422229391333748	-828661408755699566460150
6715163261204739578637255	-3682654210434520448441273
-9212629697992250884480671	1489320234205508628483720
5275484669565534824759082	-335542621271764555384033
-3633885871709243289118571	-5037406572259727510644391
6716954924915261257050710	-4820569762531464736111421
1575543046487605102291026	3823318886525565171595150
-200045875581117196930790	-1376003409327546110501447
-7625083706662815701084032	-351662887801222772519495
-6323716263109903257501066	-2299541684466696680263743
-840505783230620033751434	-292473780576371337695282
-5948124380837971079871410	7358260190396037628261254
-1623267032728588957611438	-1606851240661374886206199
5913946915675026640924934	-9555597200355142301306237
1033214990997502358290309	-3859447569259483928224675
-3462658209260107233670049	-9404072260256589773536007
2009150462760414407147247	-2262545106879827819121533
1149739864675756554481766	-3475285542738334055015027
-227822519014134455115405	-1829849025714992019112618
-1245194556122324990400625	6045973642261597857173737
-6338163143100909190727074	-8910039902529740794267937
5913978877602593692091685	6896648453474277833906312
-2695361183777340781104398	-1385338653795730712490364
-9769173074452908004157357	-7927496431671942516429691
678796483289900425813733	1570054976933233909290789
-1085696743658832243237155	5310727575002495751869556
7479752439340308381474951	6923203838327359446386334
-4221272850354565020784309	-6193832217075807645215991
6846632447874763240253618	-8021573213177131397964013
4286687687161265576451241	-5537772114005151502519376
-2668079575346760618919807	-2897296976892003892539386
2866265099794821632691095	-1610672283346022367501563
-8948957488366590601472592	-9170718270739988252170980
-8542888093386629373864265	9191815262495259152140433
-8633107667445109993639674	2785623937731628657619487
1377513835658734996147914	282423445802990706792354
2201372993655765299532964	5071916447858157876539877
-2415009048718626002653922	-9960255841995143196798719
7621734632261057188135926	-6445625935134242303030523
4109956470964799689755577	-4577954837975226307491234
-6195974116003022590570728	-6835628134456300089153236
-2691274684346273757912881	9601927359988589716129943
-1971889375692954601285639	-4274426481402768648549071
-5120885469131573798658978	7865025418612082770589993
251960443953305012819937	-2597792502907312417707453
1790844240045161845798043	3618287484881109200106468
3423843490812274310141848	-1892634602180065025466185
-2703009843464411549249972	-4688216154179821758638719
6453646757616202746711671	4249806621718600186597582
-5644441535998848079317063	-3647377948787694317592873
4611720406277358652596384	-5070349989271317847201911
-1317630463916508320860709	-7451692050469652444412644
-1338087956824586759680826	6776191622789405298278580
-9341134914002328330862925	-3848296899913469500724848
4626613338180371162225796	766749265430181776332094
7937495554704218575817968	-7068305485769625441370312
2762805156931475972946887	-8597363341763262362201450
-1043377569279512266765757	4920783819798328258865330
-663584099825999964700345	-4116496993873559418373030
3286512695720048197116559	-3855653597297296283189217
-2913950845887700775762769	-9211306831648696496805732
-882062287385426788872145	-4477341185366405980355496
-6061995242618704236873731	8004845524053603116638637
-1787620414057290436628678	4050908210743808317608506
4381863401115745091305979	452901487360052402859091
1088585198307411359764048	-4664496919114813072062420
-5358730391432893121219034	-8313030574369195041282397
7644684824734887733110949	4772917540522800647710252
3672628585135517974465155	1405378057587852510053593
-9027664637906478812009236	3715958428920883702908018
4433845470118191167920124	9956741286717292861752001
-196694058258619010553309	1258187189799751442456722
-1625807657031813657622415	5501679705253322280196193
4815508662005710958470005	3705755727632035698704101
-2309999782852907083970786	-3287502704748347002390393
5612117153420591821636073	5746375357285674775843790
2847216953619524963049109	-9258677873203452377998430
2575046421300282827847034	3885926927698614677699975
3913991756571241974682069	-5978082169674975294339121
4337364565270899027415357	3136384688295713657123611
-7883805637194426468464498	-3667834096844397895018932
-6237794059348577957164299	9936869780988655516956920
239857168162331855852875	4447577752182497644086168
3790812246317541133603272	4283875943511434888175159
-8331425814799477246021800	-6820925209668453379033282
3922771006288659556943307	-3812322030645162316867167
-9440430756215985641208217	4639122757195877157338468
-2704701002843252138882042	-8334695777428716834426753
-8282319213555456484932253	8368425244306250894802624
-3405608255963813028356793	-3274623195567242811712872
2829585417188755230031704	-6366477207923778611410488
6175179211863418870235523	-145518304565117303657321
-6648774355463613651249613	5943838324959712583204611
-4784373728954600062840346	4972999849553291234736191
7375091041520422100562255	-3842359222492097364026934
-7001538662826282597776725	-1207393253952186569386845
-2131357073502662915942572	6210962748112312628136501
-4879994801712167607080322	378404606784629203349695
708700155375087020165236	2669058344325474861164811
6345495755348180794665263	-7121457514224171119192773
6722925640224124622397658	-91408369300169643458622
2225812329511732021802369	-348421036769855702280185
3562326443069623347713546	-4707846959224029042609422
-1471556619837336136084600	-8989749302492964051270696
-8590227630831413283770717	4446086693705899999306998
6918989777128081039343081	7424567917358695028649516
4814104635181322697308538	-5697685194194988499301413
-6720695810965950523938202	-5072825080820387314298372
2644716988540657141190273	-1436122870729348219713141
2895463633651176601250457	9236888972739079544850051
7203751840027342009145278	285051884662055018283283
7305574107738808974683881	-2607882012261323529544972
-2097156139335494264536395	1931836055432661821985258
-3429657468231062538357825	-7789059021039213760250812
-7030325364641092112047028	-2187803469338389782687053
3553603121123063442574338	3081358915812479069555057
-1534753374508716999805065	-6700352262741896072226046
4893083290602267975622876	-3769258177003490435353965
9111342130276657275592399	477436772068241056934101
6680966922496347621376273	2965873367509541568495228
-830407084249043513631907	8671990286282302738748304
-3980797243824563006764962	2332736615178387624244282
9082635469584540267941806	-9980684323783546243912038
-9803665974793127595874990	7029852191754423404475533
7836443668502888372280812	-4971351206413358994924388
157383444593759478133067	5938480006637007641675539
-7550670762548930339225502	-5757694611219368419666540
4970076061647010871660690	9144323397138595074993300
6566719153143927517085289	-9185294870113697195056064
7539218185093138102287354	-2112822043255627850190415
-6775040310491655363677795	4871397484909188035869825
8003811362915168630661870	402551836169807076009059
-2466147461878746010132049	-7312970663383759225621389
-2858844510203651991815469	9262053518690905746804451
-8658218254262355512681333	-1226461250847964591972789
-8560250135826233944423763	1696435916809432983759931
3938733849754515928016442	-8757151813478578366600594
-3638079540602575066833016	-8748585792195938244715633
6164657941339781339354908	-4372022097752826764670505
-4158238566749821120723546	-5619024589916264078091462
-2088313195722092203612831	-5282262514834985415211905
8460542326967511618441238	7735352107200412867775548
6276371345471626343556202	370234780493322346847136
-9308443406039873328359942	-3497139060659321550578939
-1209559162670061243627725	8701362908669724563021044
1503998834111249275671150	-1183910354885651838428921
-4121033784628780554113816	-7910616087963798082430654
-6194939301618203878671144	7276485806093509712915316
-6235962742090357267153165	8840589960538735102973733
-6437473162676936399685797	-9730515043709184375310112
-8416952317959461283658938	7644490856154275848980302
-2553490112111013504539203	-4881802537143286684675600
5203112728445529680979733	-6321317920475111907211717
1379560023225118679006662	-8126046838918968105144575
-311642047386649200660190	327668488308812160627663
9056091666592310939650495	-8367046511154273513078782
-7891382755368947961801799	-3669358393303829013136127
3620465832529271778916807	6094014817929399738640627
-7112794723380489097910481	6651943291631446913928573
-1912681254936798306253575	-3339805605468478865098986
827727465344369543303331	6608269722097878788923384
-9248285300926679242885933	1081213325494786581069490
-2493739692755309330782176	7354143154193987387293363
-6339344801837859442189231	-2990656529727345883796884
-9333746816032209608908477	6504387992130294550099111
-2310610777527795094317513	-154043253853863463645498
-2668096341697608492751202	-9508696547861532097114195
-4744095413660989990362025	9406193747329238534317380
-9196285073867791258914756	5170562327266341738584088
-9778336577899526197473255	-2435731750394177385207700
4743993981828429249777707	3607234374556137393368377
8610377310377656836172805	-9276938695811745739975806
703763996091085398475270	3215168154361794661207440
-9747716789704810656442267	-590511652051404851970890
9284853781517068456095272	2303677542241228121102160
-8089541948483719363795972	-5327654095455719132414770
-1806622518736272942813554	4825052912268792788156941
4770600033023791915689716	2670056812180405005439405
8502721479877739435249466	36082684754536123848925
-8126522364868360488966158	-8147496469034225873726792
5884908542689648260384863	-2261717283972245709750397
7407806950975531210838593	3658594310116115296896063
-980212943109760593839327	4811291308579434592440872
-4136578465095535739967286	207665391257016700794834
87616917447075010713947	-4699123960947019995129703
-3726466124749013131011666	8572991341204434657193442
-2936135078176887255513713	-2381096947498082669487991
-8755973272567992788867615	-5618198593129789859429389
